% Inputs

% Face Plate and Laminate Failure Orientation

No. Plies = 7
Theta = 0
90
0
90
0
90
0

E1 = 24.14E9
E2 = 24.14E9
G12 = 3.79E9
v12 = 0.11
a = 0.22
b = 0.22
h = 1.96e-3
rho = 1800 

Xt = 2207e6
Xc = -1531e6
Yt = 80.7e6
Yc = -199.8e6
S = 114.5e6

ext = 4e-3
exc = -3e-3
eyt = 4e-3
eyc = -3e-3
es = 6e-3

% Sandwich Plate

Orientation = 0
% face
E1 = 10E9
E2 = 10E9
G12 = 4E9
v12 = 0.18
a = 0.225
b = 0.225
tf = 0.00023
rhof = 1800 
% core
E1c = 29.6E6
E2c = 14.5E6
G12c = 14E6
v12c = 0.3
a = 0.225
b = 0.225
tc = 0.00508
rhoc = 32

Xt = 2207e6
Xc = -1531e6
Yt = 80.7e6
Yc = -199.8e6
S = 114.5e6

ext = 4e-3
exc = -3e-3
eyt = 4e-3
eyc = -3e-3
es = 6e-3